1.000000000000837459e-08 -4.309204139136386946e-03 4.144521178405063261e-03
5.564444444439153870e-06 -2.397832703195160065e+00 2.306195784601712262e+00
1.111888888888357130e-05 -4.791356202253453489e+00 4.608247048027205750e+00
1.667333333332798873e-05 -7.184879701311743361e+00 6.910298311452706344e+00
2.222777777780016173e-05 -9.578403200382005878e+00 9.212349574889699966e+00
2.778222222221682358e-05 -1.197192669942833732e+01 1.151440083830368621e+01
3.333666666666124101e-05 -1.436545019848662719e+01 1.381645210172918325e+01
3.889111111110565844e-05 -1.675897369754493127e+01 1.611850336515466608e+01
4.444555555555007587e-05 -1.915249719660322114e+01 1.842055462858016313e+01
4.999999999999449329e-05 -2.154602069566152522e+01 2.072260589200564596e+01
