-1.000000000000000000e+00 2.410139007470653294e-01
-5.000079710444728098e-01 2.744014247088831238e-01
-1.306744208395826945e-06 2.905047218509211326e-01
5.000015107985775753e-01 2.766956432135527777e-01
1.000000000000000000e+00 2.438134361960518082e-01
-8.000038960825204271e-01 2.550545498266323929e-01
-2.999993648624211806e-01 2.840700875017157512e-01
1.999943138570705603e-01 2.884802709747921745e-01
7.000013191151386316e-01 2.646229450053171339e-01
8.999964447985078220e-01 2.508775283451855076e-01
-1.250005768041253296e+00 2.241363148068852840e-01
-1.500007938450981015e+00 2.091248205744577482e-01
-1.750007155302484740e+00 1.964083406214152949e-01
-2.000009394103023475e+00 1.859375369153994928e-01
1.250005914800253137e+00 2.266644910779000432e-01
1.500001312209365611e+00 2.112535179383118189e-01
1.749998231427985829e+00 1.981248266826613758e-01
2.000002893463625142e+00 1.872839877339569081e-01
