0.000000000000000000e+00 -4.390336974268137737e+02
1.000000000000000056e-01 -4.390347084333183147e+02
2.000000000000000111e-01 -4.390379419086342523e+02
3.000000000000000444e-01 -4.390432131615153253e+02
4.000000000000000222e-01 -4.390501990451413121e+02
5.000000000000000000e-01 -4.390584337565373403e+02
6.000000000000000888e-01 -4.390673040009043575e+02
7.000000000000000666e-01 -4.390760413042928576e+02
8.000000000000000444e-01 -4.390837153142641114e+02
9.000000000000000222e-01 -4.390892240684750618e+02
1.000000000000000000e+00 -4.390912826595391607e+02
