0.000000000000000000e+00 -2.367373270024165777e+01
1.000000000000000056e-01 -2.367378721609747316e+01
2.000000000000000111e-01 -2.367396157271467771e+01
3.000000000000000444e-01 -2.367424581110556403e+01
4.000000000000000222e-01 -2.367462250643124477e+01
5.000000000000000000e-01 -2.367506654149642387e+01
6.000000000000000888e-01 -2.367554484599870079e+01
7.000000000000000666e-01 -2.367601598200979396e+01
8.000000000000000444e-01 -2.367642978273138610e+01
9.000000000000000222e-01 -2.367672682775427617e+01
1.000000000000000000e+00 -2.367683783184092405e+01
