5.500000811836369685e-01 -4.390269291537089202e+02
6.000000533919712664e-01 -4.390305307657455387e+02
6.500000420492552111e-01 -4.390364005686033124e+02
7.000000699817753302e-01 -4.390441902705077268e+02
7.499998451069417316e-01 -4.390533930132717160e+02
8.000000848556032551e-01 -4.390633381246597651e+02
8.499996674434201482e-01 -4.390731767966017287e+02
9.000002201378753952e-01 -4.390818799077062522e+02
9.499999681588348066e-01 -4.390882032783774775e+02
4.999995297494090607e-02 -4.390877631628570157e+02
1.000000476042806896e-01 -4.390817555316888274e+02
1.500000351300167512e-01 -4.390733800812857908e+02
1.999999118212649751e-01 -4.390638068644360601e+02
2.499999249510596322e-01 -4.390540314448549566e+02
3.000002550476560392e-01 -4.390448840865042257e+02
3.499998984977209515e-01 -4.390370363393983553e+02
4.000001308314410919e-01 -4.390310144297806687e+02
4.499999087368634076e-01 -4.390271905662107770e+02
4.999998106140735588e-01 -4.390257978566563679e+02
0.000000000000000000e+00 -4.390900458491579457e+02
1.000000000486187757e+00 -4.390906813984375958e+02
